Theta_para      Theta_antipara  frac_antipara   scaling                 1690            1630            1530 
27.5  11.9      38.0  6.6       0.59  0.16      0.000126  2.8e-05       0.16  0.0       2.13  0.0       2.35  0.0             45/45  45/135 135/135  135/45
29.3  4.7       28.1  9.0       0.49  0.21      0.000492  0.000172      0.51  0.0       6.51  0.0       8.33  0.0             45/45  45/135 135/135  135/45
45.1  13.5      30.2  8.1       0.57  0.19      0.000501  0.00014       0.66  0.0       9.36  0.0       7.05  0.0             45/45  45/135 135/135  135/45
44.4  12.2      31.2  8.3       0.56  0.19      0.000626  0.000173      0.81  0.0       12.05  0.0      8.67  0.0             45/45  45/135 135/135  135/45
44.6  10.9      31.3  8.2       0.57  0.18      0.000737  0.000196      0.99  0.0       14.41  0.0      10.25  0.0            45/45  45/135 135/135  135/45
44.8  10.6      30.2  8.4       0.57  0.18      0.000848  0.000224      1.17  0.0       16.41  0.0      11.81  0.0            45/45  45/135 135/135  135/45
40.4  6.2       31.8  8.8       0.53  0.19      0.000971  0.000284      1.27  0.0       18.23  0.0      13.08  0.0            45/45  45/135 -------  135/45
44.7  10.8      31.1  8.4       0.57  0.18      0.001015  0.000269      1.36  0.0       20.01  0.0      14.03  0.0            45/45  45/135 135/135  135/45
44.8  10.4      31.7  8.6       0.56  0.17      0.001068  0.000275      1.43  0.0       21.58  0.0      14.57  0.0            45/45  45/135 135/135  135/45
41.2  7.6       34.1  9.4       0.53  0.19      0.00114  0.00032        1.48  0.0       23.08  0.0      14.94  0.0            45/45  45/135 -------  135/45
41.2  7.2       33.5  9.9       0.52  0.19      0.001198  0.000341      1.53  0.0       24.28  0.0      15.51  0.0            45/45  45/135 -------  135/45
42.4  7.6       33.8  9.8       0.52  0.19      0.001225  0.000345      1.58  0.0       25.26  0.0      15.85  0.0            45/45  45/135 -------  135/45
41.3  7.5       34.1  10.2      0.52  0.19      0.001273  0.000356      1.62  0.0       26.36  0.0      16.33  0.0            45/45  45/135 -------  135/45
41.2  7.7       34.8  10.2      0.52  0.19      0.001295  0.000358      1.65  0.0       27.12  0.0      16.62  0.0            45/45  45/135 -------  135/45
46.8  9.3       31.6  9.9       0.53  0.17      0.001293  0.000325      1.67  0.0       27.92  0.0      16.84  0.0            45/45  45/135 135/135  135/45
46.4  9.5       32.1  9.8       0.53  0.17      0.001324  0.000336      1.69  0.0       28.57  0.0      17.29  0.0            45/45  45/135 135/135  135/45
46.7  9.0       31.8  9.9       0.53  0.17      0.001338  0.000339      1.7  0.0        29.03  0.0      17.3  0.0             45/45  45/135 135/135  135/45
46.6  9.2       32.0  10.2      0.53  0.17      0.001358  0.000347      1.71  0.0       29.73  0.0      17.47  0.0            45/45  45/135 135/135  135/45
42.4  7.3       34.9  10.4      0.51  0.19      0.001407  0.0004        1.73  0.0       30.06  0.0      17.73  0.0            45/45  45/135 -------  135/45
46.7  8.8       32.1  10.2      0.52  0.17      0.001393  0.000357      1.73  0.0       30.63  0.0      17.78  0.0            45/45  45/135 135/135  135/45
